1 0 0.319816 0.993748 0.350231 1.04404
1 1 0.345149 0.292167 0.414481 0.382698
1 2 0.435458 0.0955116 0.441182 0.148036
1 3 0.502728 0.224128 0.581663 0.270116
1 4 0.156932 0.0107237 0.182873 0.105998
1 5 0.80974 0.177764 0.816566 0.259685
1 6 0.825962 0.483496 0.924324 0.518367
1 7 0.847694 0.694235 0.857435 0.725494
1 8 0.232806 0.955596 0.250397 0.977604
1 9 0.834174 0.639641 0.841024 0.691922
1 10 0.260003 0.302106 0.327737 0.326043
1 11 0.788021 0.322843 0.835367 0.419535
1 12 0.324606 0.968313 0.346343 1.04227
1 13 0.0995425 0.117557 0.111648 0.183424
1 14 0.141754 0.358686 0.217541 0.362462
1 15 0.292721 0.983032 0.381027 1.02458
1 16 0.462319 0.986039 0.540094 1.04861
1 17 0.724485 0.200503 0.79271 0.21761
1 18 0.473515 0.327432 0.505055 0.411772
1 19 0.330306 0.846656 0.423968 0.89387
1 20 0.493705 0.553102 0.502259 0.570123
1 21 0.295915 0.0107627 0.309104 0.09211
1 22 0.44132 0.295701 0.498129 0.387534
1 23 0.711689 0.528683 0.731575 0.573558
1 24 0.312639 0.409316 0.386284 0.482591
1 25 0.849273 0.0548233 0.863287 0.13915
1 26 0.564341 0.231267 0.565043 0.325105
1 27 0.689233 0.622224 0.756622 0.722146
1 28 0.864132 0.204348 0.871537 0.25692
1 29 0.724085 0.451307 0.797389 0.496044
1 30 0.14634 0.843209 0.199164 0.867136
1 31 0.862758 0.659404 0.893722 0.743502
1 32 0.289302 0.935773 0.341989 0.939073
1 33 0.470603 0.696068 0.52043 0.76942
1 34 0.0174745 0.559053 0.0519933 0.651027
1 35 0.19327 0.783226 0.251353 0.811274
1 36 0.823576 0.958487 0.857179 0.9669
1 37 0.233323 0.374623 0.297248 0.409561
1 38 0.804728 0.590858 0.872171 0.685789
1 39 0.175201 0.665598 0.226223 0.740125
1 40 0.311416 0.663116 0.339647 0.74608
1 41 0.287139 0.482057 0.371839 0.485635
1 42 0.219245 0.312874 0.268217 0.376415
1 43 0.467934 0.456665 0.536571 0.533018
1 44 0.450835 0.171096 0.484155 0.183366
1 45 0.651936 0.26057 0.670268 0.330044
1 46 0.098849 0.423452 0.183102 0.433538
1 47 0.537405 0.800614 0.550144 0.807684
1 48 0.130997 0.644068 0.165053 0.649303
1 49 0.961393 0.714827 1.00489 0.79312
1 50 0.194044 0.613841 0.247709 0.677648
1 51 0.10855 0.203093 0.114387 0.282683
1 52 0.476174 0.0552498 0.49494 0.120572
1 53 0.0117761 0.215245 0.0774696 0.22424
1 54 0.935751 0.716544 0.951713 0.72439
1 55 0.479392 0.285421 0.574228 0.377832
1 56 0.459345 0.520436 0.462336 0.523074
1 57 0.666509 0.849403 0.750974 0.872149
1 58 0.673084 0.555882 0.748482 0.609663
1 59 0.99754 0.710726 1.03566 0.756243
1 60 0.198715 0.536288 0.251067 0.573859
1 61 0.0422964 0.431708 0.13776 0.471408
1 62 0.119441 0.973423 0.183895 0.992893
1 63 0.24988 0.817179 0.308268 0.914219
1 64 0.300446 0.723573 0.319421 0.796859
1 65 0.152582 0.331479 0.225237 0.355601
1 66 0.995182 0.750937 1.01332 0.845842
1 67 0.766251 0.243475 0.838066 0.298088
1 68 0.860857 0.92299 0.890738 0.95809
1 69 0.434128 0.529616 0.435431 0.614973
1 70 0.10519 0.403519 0.148398 0.4157
1 71 0.287868 0.0817215 0.312166 0.100668
1 72 0.99141 0.741264 1.08483 0.744622
1 73 0.832495 0.563994 0.889865 0.590686
1 74 0.339581 0.0655624 0.348418 0.119545
1 75 0.901302 0.342883 0.995342 0.368817
1 76 0.979726 0.89515 0.991746 0.985435
1 77 0.372194 0.273754 0.427129 0.370711
1 78 0.335862 0.942206 0.345602 1.00958
1 79 0.588757 0.769947 0.633288 0.824977
1 80 0.449939 0.951001 0.465253 0.987216
1 81 0.387307 0.502628 0.39276 0.532088
1 82 0.790798 0.048941 0.871021 0.116066
1 83 0.995474 0.283963 1.02921 0.382343
1 84 0.135659 0.307568 0.190757 0.331655
1 85 0.83835 0.17148 0.899656 0.242637
1 86 0.660285 0.212014 0.72049 0.255979
1 87 0.464999 0.598108 0.480601 0.608209
1 88 0.128823 0.519675 0.153192 0.559952
1 89 0.391153 0.380193 0.430314 0.41788
1 90 0.735505 0.552294 0.77526 0.566745
1 91 0.643126 0.784946 0.732865 0.863855
1 92 0.717719 0.310438 0.808404 0.340338
1 93 0.183557 0.449076 0.225848 0.496332
1 94 0.333642 0.925251 0.369066 1.00099
1 95 0.201282 0.832016 0.285418 0.927509
1 96 0.177469 0.869671 0.236839 0.892485
1 97 0.455687 0.0599396 0.485434 0.0778505
1 98 0.0914431 0.0397069 0.165604 0.0931964
1 99 0.480139 0.470935 0.557617 0.476574
0 12 0.324606 0.968313 0.346343 1.04227
1 12 0.286148 0.308153 0.289951 0.355165
0 90 0.735505 0.552294 0.77526 0.566745
1 90 0.0129366 0.0999044 0.0456993 0.122784
0 87 0.464999 0.598108 0.480601 0.608209
1 87 0.543777 0.815144 0.55429 0.911123
0 70 0.10519 0.403519 0.148398 0.4157
1 70 0.310465 0.292955 0.331681 0.334569
0 39 0.175201 0.665598 0.226223 0.740125
1 39 0.517761 0.0624994 0.612976 0.149349
2 9999999 0.0903519 0.415488 0.100352 0.425488
0 63 0.24988 0.817179 0.308268 0.914219
1 63 0.868398 0.418627 0.927586 0.496245
0 93 0.183557 0.449076 0.225848 0.496332
1 93 0.102483 0.585032 0.162095 0.593153
0 15 0.292721 0.983032 0.381027 1.02458
1 15 0.181176 0.856288 0.188576 0.904905
0 58 0.673084 0.555882 0.748482 0.609663
1 58 0.465222 0.000643812 0.509947 0.0375179
0 72 0.99141 0.741264 1.08483 0.744622
1 72 0.883169 0.586634 0.947409 0.650598
2 9999999 0.904387 0.953309 0.914387 0.963309
0 54 0.935751 0.716544 0.951713 0.72439
1 54 0.208926 0.592127 0.265071 0.691007
0 48 0.130997 0.644068 0.165053 0.649303
1 48 0.724801 0.889182 0.774049 0.890362
0 49 0.961393 0.714827 1.00489 0.79312
1 49 0.182236 0.0410993 0.212463 0.051416
0 72 0.883169 0.586634 0.947409 0.650598
1 72 0.231572 0.399743 0.287064 0.4008
0 19 0.330306 0.846656 0.423968 0.89387
1 19 0.959274 0.987261 1.03994 1.00345
2 9999999 0.902931 0.674333 0.912931 0.684333
0 31 0.862758 0.659404 0.893722 0.743502
1 31 0.565217 0.272851 0.587917 0.275949
0 83 0.995474 0.283963 1.02921 0.382343
1 83 0.270477 0.126693 0.3579 0.142883
0 49 0.182236 0.0410993 0.212463 0.051416
1 49 0.994798 0.842816 1.02878 0.843472
0 53 0.0117761 0.215245 0.0774696 0.22424
1 53 0.889225 0.920184 0.957839 1.01772
0 54 0.208926 0.592127 0.265071 0.691007
1 54 0.0235158 0.75548 0.100807 0.778107
2 9999999 0.227396 0.603708 0.237396 0.613708
0 29 0.724085 0.451307 0.797389 0.496044
1 29 0.0591646 0.281772 0.102606 0.36936
0 15 0.181176 0.856288 0.188576 0.904905
1 15 0.595137 0.596195 0.614512 0.670623
0 33 0.470603 0.696068 0.52043 0.76942
1 33 0.0633916 0.0459227 0.091406 0.0727032
0 21 0.295915 0.0107627 0.309104 0.09211
1 21 0.27047 0.696316 0.330538 0.743202
0 73 0.832495 0.563994 0.889865 0.590686
1 73 0.827979 0.912113 0.853588 0.949148
2 9999999 0.819078 0.282251 0.829078 0.292251
0 58 0.465222 0.000643812 0.509947 0.0375179
1 58 0.783074 0.332673 0.796983 0.353572
0 72 0.231572 0.399743 0.287064 0.4008
1 72 0.470492 0.788985 0.479513 0.857092
0 98 0.0914431 0.0397069 0.165604 0.0931964
1 98 0.251218 0.422012 0.253701 0.46552
0 79 0.588757 0.769947 0.633288 0.824977
1 79 0.904816 0.644379 0.978817 0.654687
0 5 0.80974 0.177764 0.816566 0.259685
1 5 0.776319 0.50723 0.82294 0.593589
2 9999999 0.876258 0.580153 0.886258 0.590153
0 54 0.0235158 0.75548 0.100807 0.778107
1 54 0.587688 0.431598 0.631983 0.468799
0 19 0.959274 0.987261 1.03994 1.00345
1 19 0.107022 0.000681288 0.161302 0.0510353
0 78 0.335862 0.942206 0.345602 1.00958
1 78 0.858531 0.728998 0.928891 0.764935
0 39 0.517761 0.0624994 0.612976 0.149349
1 39 0.287142 0.347934 0.339149 0.366578
0 31 0.565217 0.272851 0.587917 0.275949
1 31 0.255343 0.364416 0.314927 0.463747
2 9999999 0.160437 0.889084 0.170437 0.899084
0 78 0.858531 0.728998 0.928891 0.764935
1 78 0.728175 0.492902 0.824316 0.570884
0 17 0.724485 0.200503 0.79271 0.21761
1 17 0.598252 0.175055 0.617565 0.227885
0 56 0.459345 0.520436 0.462336 0.523074
1 56 0.889509 0.794264 0.897042 0.870301
0 35 0.19327 0.783226 0.251353 0.811274
1 35 0.0290394 0.634986 0.0305833 0.637665
0 47 0.537405 0.800614 0.550144 0.807684
1 47 0.812759 0.518677 0.877055 0.525442
2 9999999 0.926678 0.266393 0.936678 0.276393
0 14 0.141754 0.358686 0.217541 0.362462
1 14 0.826903 0.778113 0.88791 0.800412
0 57 0.666509 0.849403 0.750974 0.872149
1 57 0.992653 0.396861 1.09205 0.491822
0 0 0.319816 0.993748 0.350231 1.04404
1 0 0.189643 0.114222 0.21117 0.183243
0 8 0.232806 0.955596 0.250397 0.977604
1 8 0.0240574 0.99128 0.0590762 1.08851
0 43 0.467934 0.456665 0.536571 0.533018
1 43 0.722641 0.888118 0.792844 0.977781
2 9999999 0.259973 0.890436 0.269973 0.900436
0 84 0.135659 0.307568 0.190757 0.331655
1 84 0.0286019 0.208867 0.0613534 0.227833
0 92 0.717719 0.310438 0.808404 0.340338
1 92 0.717512 0.656088 0.785538 0.737712
0 95 0.201282 0.832016 0.285418 0.927509
1 95 0.33574 0.521551 0.394494 0.62039
0 76 0.979726 0.89515 0.991746 0.985435
1 76 0.755282 0.115596 0.771434 0.193878
0 19 0.107022 0.000681288 0.161302 0.0510353
1 19 0.48081 0.567876 0.534871 0.643423
2 9999999 0.461642 0.881259 0.471642 0.891259
