1 0 0.319816 0.993748 0.350231 1.04404
1 1 0.345149 0.292167 0.414481 0.382698
1 2 0.435458 0.0955116 0.441182 0.148036
1 3 0.502728 0.224128 0.581663 0.270116
1 4 0.156932 0.0107237 0.182873 0.105998
1 5 0.80974 0.177764 0.816566 0.259685
1 6 0.825962 0.483496 0.924324 0.518367
1 7 0.847694 0.694235 0.857435 0.725494
1 8 0.232806 0.955596 0.250397 0.977604
1 9 0.834174 0.639641 0.841024 0.691922
1 10 0.260003 0.302106 0.327737 0.326043
1 11 0.788021 0.322843 0.835367 0.419535
1 12 0.324606 0.968313 0.346343 1.04227
1 13 0.0995425 0.117557 0.111648 0.183424
1 14 0.141754 0.358686 0.217541 0.362462
1 15 0.292721 0.983032 0.381027 1.02458
1 16 0.462319 0.986039 0.540094 1.04861
1 17 0.724485 0.200503 0.79271 0.21761
1 18 0.473515 0.327432 0.505055 0.411772
1 19 0.330306 0.846656 0.423968 0.89387
1 20 0.493705 0.553102 0.502259 0.570123
